.Random.seed <-
c(403L, 10L, 1595701729L, -1601666189L, -1893345310L, -133464236L, 
-2140425641L, -1405590963L, 80053732L, 2019319754L, 1499718197L, 
-1125619569L, 512596374L, 1976247616L, -16435197L, 824224289L, 
-697586416L, 1947624174L, 443219609L, 2037694251L, 1363491354L, 
1788520668L, 743728351L, 1762026165L, -133876660L, -1459287902L, 
1822017533L, -779406089L, -1623268834L, 985717976L, -706207685L, 
976251353L, 996085608L, 1663812246L, 1101532177L, -2046927421L, 
1701765586L, -914954140L, 1132185511L, -1962686211L, 873503988L, 
1594227674L, 724193061L, -986737089L, -1855529530L, -986023344L, 
564524659L, -317982063L, -1537064256L, 1148544158L, 258951273L, 
-474438501L, 454466986L, 442060236L, -1755258737L, 1221206213L, 
1548210300L, 1440836818L, -1738996659L, 219092231L, 1609267438L, 
-498050616L, -1557446965L, 520171305L, 1125431160L, -321909594L, 
541351617L, 139138899L, -993537022L, -1123684044L, -122791241L, 
-1026455891L, -514357308L, -1625427990L, -1526058923L, -2041377297L, 
-916875786L, -2063322336L, 1510501603L, 1753868673L, 368467952L, 
1495137934L, 1257947641L, 409881483L, 78972858L, -530331972L, 
-414556673L, -437642411L, -1875637140L, -1058477886L, -646857955L, 
-397659753L, 534178046L, 549976760L, 849364123L, 1201881849L, 
1042416712L, 221865846L, -1681448271L, -356601117L, -932662862L, 
-1117978108L, -1344308921L, 291800093L, 1040431764L, 15086138L, 
-2068824955L, -2133106337L, -262131226L, 571531376L, -398384237L, 
1476027441L, 1012525792L, -1334416514L, 938729993L, 192735803L, 
-1997900790L, 672910316L, 45588591L, 1462353829L, 225396572L, 
716360498L, 849752621L, 250912999L, 1339249166L, 1670213608L, 
1281266155L, -899194231L, 221698584L, 1996755270L, 2034900897L, 
-620146125L, -362696798L, 826223252L, -168599273L, -474611955L, 
487061028L, 1181441546L, -2142541963L, 35943119L, 1790559702L, 
-788788864L, -2033565245L, -738797727L, -672207408L, 1431100718L, 
-1337332519L, 1254958827L, -827079846L, -60910308L, 343663647L, 
-567662475L, -120556276L, 1075828962L, -1535946307L, -126495177L, 
-538522402L, 970184728L, 1141966715L, -2146105575L, -2146985048L, 
1017056086L, 1514968017L, -204327037L, -1080352238L, -1250576988L, 
-1884425881L, 202825405L, 1419290164L, 1147100570L, 1918904805L, 
-124578433L, -1565516538L, 1386989200L, 1295634227L, 705875153L, 
-538896768L, -304136354L, 2079923369L, 1371279195L, -1478728342L, 
-884725748L, 1509163087L, -854820603L, 653849020L, 1972884626L, 
-301445235L, 1071912903L, 2078059694L, -102449912L, 530750219L, 
1071232489L, -858742088L, 1610622310L, -18366975L, -403830637L, 
-1013312702L, -1788187404L, -330254089L, 1556476141L, 1890710404L, 
-122393174L, -969780459L, -1943342673L, -1042157130L, -1431533600L, 
717506339L, 435173441L, -779070672L, 768842062L, 1394994105L, 
-826409525L, 252898938L, 858915708L, 14748607L, 1382610069L, 
-1448600916L, 1646254210L, -1811040163L, -1709854889L, 1874096702L, 
2045081208L, 1861883227L, 325620921L, 1929805064L, -1629814858L, 
923034865L, 970777379L, -860605070L, -550599492L, -1750421134L, 
1119908080L, -1680506812L, 318049624L, -1712283078L, -567140496L, 
714763324L, -851817708L, -559262270L, -1896753440L, 1990128508L, 
2077496016L, 2134889634L, 675604520L, 1819429132L, -919481412L, 
1484850482L, -299908672L, 35680820L, -1057241144L, 1871897786L, 
1958779280L, -709238292L, -771965356L, -653202286L, 555236128L, 
531390924L, 1981939168L, 910323394L, -359616472L, 1375329964L, 
-515297092L, -848849422L, -957965008L, -1497971548L, -1315249480L, 
-680789670L, -695987824L, 939429756L, -1194579692L, -63623358L, 
119574272L, -1601854532L, -365741232L, -565784798L, 1261167944L, 
332645900L, -1625005988L, -780699438L, -655215104L, 2109028692L, 
1622492648L, 1578591226L, -1953010480L, 2113288492L, 1633318644L, 
1237284242L, -1873141664L, -1448282868L, 1623442144L, 1769710946L, 
-1184003416L, -537447860L, -1966756484L, 150102322L, 1747508336L, 
-627522748L, 122157528L, -516113286L, 1939029552L, -2028215620L, 
1692306260L, -419610558L, 56875424L, -1238071620L, -1344895536L, 
212495714L, -806543384L, 1944358860L, -1775207684L, 1521901042L, 
-887450496L, -454287116L, 578282120L, -233077958L, 1084165968L, 
-1124732308L, 942553236L, -1769328302L, -712784160L, 17731276L, 
-703016800L, 997386114L, -1712752920L, 2065424108L, 337305660L, 
-1196192142L, 207477872L, -1765862876L, 1479491640L, 1422350362L, 
-1788770608L, 368561212L, 1525429396L, -1512859518L, 1070976960L, 
1132759356L, 657768080L, 1553205282L, -1951541240L, -2055275380L, 
-781081572L, 753304210L, 1736286336L, 302703636L, -1802235608L, 
1093941818L, -278141744L, 1380514924L, -1490903372L, 186390546L, 
-1821478944L, 1949465548L, -1720003104L, -148620766L, -953694936L, 
2121571596L, -1295468996L, -299349774L, 670443248L, 600174404L, 
407905880L, -2089948614L, -1621324048L, 757078204L, 500632084L, 
1511181506L, -1707561888L, -869597828L, 676071632L, -1441842142L, 
129013416L, 1003277196L, 2098922940L, 1987048498L, 1917562688L, 
-981285708L, -632701112L, -578346310L, 1681256208L, 885355756L, 
614308948L, -682533102L, 582209440L, 1830441932L, -1337259168L, 
-1148279614L, 532708904L, 1814281644L, -265872580L, -615307406L, 
1756651312L, -601430492L, 1892817976L, 1992505562L, -1376539248L, 
2139273980L, -139402348L, -355430590L, 311178752L, 1414503996L, 
-1573469616L, 209768098L, 160918344L, -875245044L, -585262884L, 
851532370L, 593713280L, -535207084L, -1055097368L, -1243586822L, 
-992822448L, 779988012L, 211986804L, 1784768146L, -786035104L, 
-1942985076L, -2135468192L, 1585394402L, 2073600168L, 632495308L, 
66306556L, -682158158L, 1398880752L, -1539451452L, 93238104L, 
573357946L, -1597037136L, -2059301444L, 1700883540L, -49184830L, 
1504761632L, -1660677188L, -2043703728L, 938641890L, 1682466152L, 
764118348L, -774775556L, -1928850702L, -1290458368L, 523378292L, 
-1015997432L, 1716398522L, 690564048L, 1380599276L, 1744744340L, 
-1073553710L, -239965600L, 1948808524L, -830762720L, 1817745026L, 
-1580792344L, -421860372L, -2088891844L, 1636410994L, 60955504L, 
-1134726564L, 820252877L, 2090737719L, 1320876736L, 1816804766L, 
631377515L, -954694163L, -1744432038L, -1338645736L, 515688577L, 
-1645859277L, -1791904684L, 1136963682L, -2039466249L, 580667713L, 
-1536266298L, -973007612L, -1420309323L, -139007073L, -1764490248L, 
-1967923754L, -910941085L, 388370469L, 1929258946L, -1268597584L, 
1753856217L, 723267147L, -916306756L, 2070854378L, -647251169L, 
-982436951L, -2043300546L, -815973332L, 1663990397L, -1234799417L, 
850235824L, -788579378L, 1249077499L, -1567051939L, -1049359222L, 
-1547060568L, 445531665L, 968709891L, 2045522436L, -1210926542L, 
1707534983L, 660246225L, -835086250L, -2122373068L, 844204869L, 
-1421002353L, -1746587384L, 928557862L, -362191917L, -1805003467L, 
-324078446L, 493464672L, -1568388663L, -843783941L, 674717388L, 
563024730L, -224954801L, -192654567L, 1493028142L, -10070212L, 
-1816234835L, 448120663L, 1590086304L, 408036350L, 1653445323L, 
26133709L, 1018071034L, 1873337400L, 945130977L, 2080609939L, 
1550070964L, -1214235198L, -2082566697L, -1377742303L, -1686486554L, 
-824452892L, -843388907L, -106031041L, 798881752L, 1057290742L, 
570644995L, 32705861L, 1146157410L, 2119480016L, 2095623673L, 
-381696725L, -1433573732L, -205757238L, -737309249L, -686608119L, 
-1713270242L, 9789388L, 1651563933L, 1268987943L, 851174992L, 
1590981358L, -2040693861L, -597964291L, -1541616406L, 1688323976L, 
1882927409L, 905875875L, -1402690140L, 1128855634L, -935183449L, 
-526868495L, 171772726L, -449021996L, -600470171L, 195559791L, 
-1455907928L, -510152442L, -1693773773L, -296647019L, -566001934L, 
-931360960L, -718967639L, -1655066341L, -181303572L, -1149748486L, 
2142978863L, -1833366727L, -1982935730L, -376706148L, 1769201933L, 
1040474999L, -1596074112L, 1712440798L, 1286757035L, -366922323L, 
-945329638L, 78605528L, -1435184831L, -1544312333L, 156016660L, 
2094146978L, 191668919L, 180931713L, -489079674L, 1727453380L, 
-1604962827L, 1814421599L, 1542625976L, -1803369578L, 799527331L, 
